26, 4156
2293, 7959688
4564, 7962504
6833, 7963508
9102, 7964272
11369, 7964780
13635, 7965048
15900, 7965208
18166, 7965312
20440, 7965408
22723, 7965432
25008, 7965432
27289, 7965432
29570, 7965432
31853, 7965432
34136, 7965432
36420, 7965432
38699, 7965432
40980, 7965432
43262, 7965432
45544, 7965432
47829, 7965432
50111, 7965432
52395, 7965432
54674, 7965432
56956, 7965432
59240, 7965432
61523, 7965432
63807, 7965432
66089, 7965432
68371, 7965432
70654, 7965432
72936, 7965432
75218, 7965432
77502, 7965432
79783, 7965432
82067, 7965432
84352, 7965432
86636, 7965432
88920, 7965432
91199, 7965432
93483, 7965432
95767, 7965432
98051, 7965432
100335, 7965432
102616, 7965432
104902, 7965432
107184, 7965432
109470, 7965432
111749, 7965432
114031, 7965432
116317, 7965432
118601, 7965432
120885, 7965432
123170, 7965432
125452, 7965432
127736, 7965432
130015, 7965432
132295, 7965432
134577, 7965432
136860, 7965432
139144, 7965432
141427, 7965432
143712, 7965432
145991, 7965432
148274, 7965432
150556, 7965432
152838, 7965432
155119, 7965432
157403, 7965432
159683, 7965432
161964, 7965432
164247, 7965432
166528, 7965432
168812, 7965432
171095, 7965432
173378, 7965432
175663, 7965432
177944, 7965432
180228, 7965432
182510, 7965432
184795, 7965432
187075, 7965432
189361, 7965432
191644, 7965432
193928, 7965432
196209, 7965432
198492, 7965432
200771, 7965432
203051, 7965432
205332, 7965432
207614, 7965432
209896, 7965432
212180, 7965432
214465, 7965432
216750, 7965432
219032, 7965432
221317, 7965432
223600, 7965432
225885, 7965432
228168, 7965432
230452, 7965432
232737, 7965432
235019, 7965432
237302, 7965432
239586, 7965432
241868, 7965432
244148, 7965432
246431, 7965432
248711, 7965432
250998, 7965432
253280, 7965432
255562, 7965432
257845, 7965432
260127, 7965432
262407, 7965472
264692, 7965472
266976, 7965472
269255, 7965472
271539, 7965472
273823, 7965472
276107, 7965472
278393, 7965472
280676, 7965472
282961, 7965472
285242, 7965472
287525, 7965472
289811, 7965472
292093, 7965472
294375, 7965472
296660, 7965472
298944, 7965472
301228, 7965472
303512, 7965472
305791, 7965472
308071, 7965472
310353, 7965472
312636, 7965472
314921, 7965472
317204, 7965472
319486, 7965472
321769, 7965472
324051, 7965472
326336, 7965472
328620, 7965472
330904, 7965472
333186, 7965472
335468, 7965472
337753, 7965472
340035, 7965472
342321, 7965472
344604, 7965472
346889, 7965472
349172, 7965472
351452, 7965472
353731, 7965472
356013, 7965472
358296, 7965472
360580, 7965472
362865, 7965472
365149, 7965472
367435, 7965472
369717, 7965472
372000, 7965472
374284, 7965472
376567, 7965472
378853, 7965472
381137, 7965472
383422, 7965472
385705, 7965472
387989, 7965472
390275, 7965472
392557, 7965472
394843, 7965472
397125, 7965472
399409, 7965472
401691, 7965472
403977, 7965472
406262, 7965472
408548, 7965472
410833, 7965472
413119, 7965472
415401, 7965472
417686, 7965472
419970, 7965472
422256, 7965472
424536, 7965472
426815, 7965472
429096, 7965472
431376, 7965472
433662, 7965472
435945, 7965472
438230, 7965472
440512, 7965472
442797, 7965472
445081, 7965472
447365, 7965472
449649, 7965472
451934, 7965472
454220, 7965472
456504, 7965472
458790, 7965472
461075, 7965472
463358, 7965472
465644, 7965472
467927, 7965472
470213, 7965472
472497, 7965472
474779, 7965472
477065, 7965472
479349, 7965472
481633, 7965472
483916, 7965472
486201, 7965472
488484, 7965472
490769, 7965472
493053, 7965472
495339, 7965472
497622, 7965472
499908, 7965472
502191, 7965472
504476, 7965472
506755, 7965472
509037, 7965472
511321, 7965472
513604, 7965472
515889, 7965472
518172, 7965472
520457, 7965472
522741, 7965472
525024, 7965472
527308, 7965472
529591, 7965472
531876, 7965472
534161, 7965472
536444, 7965472
538728, 7965472
541013, 7965472
543296, 7965472
545581, 7965472
547866, 7965472
550151, 7965472
552431, 7965472
554712, 7965472
556996, 7965472
559281, 7965472
561564, 7965472
563850, 7965472
566136, 7965472
568422, 7965472
570709, 7965472
572991, 7965472
575271, 7965472
577556, 7965472
579841, 7965472
582127, 7965472
584408, 7965472
586693, 7965472
588977, 7965472
591258, 7965472
593543, 7965472
595825, 7965472
598111, 7965472
600392, 7965472
602678, 7965472
604961, 7965472
607243, 7965472
609528, 7965472
611808, 7965472
614093, 7965472
616378, 7965472
618666, 7965472
620948, 7965472
623233, 7965472
625514, 7965472
627799, 7965472
630080, 7965472
632365, 7965472
634650, 7965472
636933, 7965472
639217, 7965472
641501, 7965472
643785, 7965472
646070, 7965472
648353, 7965472
650637, 7965472
652922, 7965472
655205, 7965472
657489, 7965472
659773, 7965472
662058, 7965472
664344, 7965472
666629, 7965472
668912, 7965472
671195, 7965472
673482, 7965472
675763, 7965472
678047, 7965472
680331, 7965472
682617, 7965472
684901, 7965472
687185, 7965472
689469, 7965472
691752, 7965472
694037, 7965472
696319, 7965472
698606, 7965472
700889, 7965472
703173, 7965472
705458, 7965472
707742, 7965472
710028, 7965472
712314, 7965472
714597, 7965472
716883, 7965472
719164, 7965472
721447, 7965472
723731, 7965472
726015, 7965472
728292, 7965472
730577, 7965472
732856, 7965472
735138, 7965472
737421, 7965472
739706, 7965472
741989, 7965472
744273, 7965472
746558, 7965472
748839, 7965472
751119, 7965472
753399, 7965472
755681, 7965472
757963, 7965472
760247, 7965472
762531, 7965472
764814, 7965472
767099, 7965472
769378, 7965472
771660, 7965472
773938, 7965472
776219, 7965472
778503, 7965472
780785, 7965472
783067, 7965472
785347, 7965472
787629, 7965472
789914, 7965472
792197, 7965472
794479, 7965472
796764, 7965472
799043, 7965472
801325, 7965472
803606, 7965472
805888, 7965472
808174, 7965472
810456, 7965472
812736, 7965472
815015, 7965472
817298, 7965472
819581, 7965472
821864, 7965472
824148, 7965472
826430, 7965472
828715, 7965472
830995, 7965472
833281, 7965472
835565, 7965472
837849, 7965472
840131, 7965472
842417, 7965472
844701, 7965472
846985, 7965472
849268, 7965472
851554, 7965472
853840, 7965472
856120, 7965472
858403, 7965472
860688, 7965472
862973, 7965472
865257, 7965472
867542, 7965472
869826, 7965472
872110, 7965472
874393, 7965472
876675, 7965472
878962, 7965472
881246, 7965472
883529, 7965472
885810, 7965472
888094, 7965472
890381, 7965472
892665, 7965472
894950, 7965472
897233, 7965472
899518, 7965472
901803, 7965472
904085, 7965472
906373, 7965472
908657, 7965472
910943, 7965472
913230, 7965472
915513, 7965472
917798, 7965472
920084, 7965472
922370, 7965472
924653, 7965472
926937, 7965472
929219, 7965472
931506, 7965472
933791, 7965524
936072, 7965524
938357, 7965524
940641, 7965524
942924, 7965524
945207, 7965524
947492, 7965524
949771, 7965524
952053, 7965524
954337, 7965524
956623, 7965524
958908, 7965524
961193, 7965524
963476, 7965524
965761, 7965524
968045, 7965524
970331, 7965524
972616, 7965524
974901, 7965524
977186, 7965524
979469, 7965524
981754, 7965524
984037, 7965524
986322, 7965524
988607, 7965524
990893, 7965524
993177, 7965524
995461, 7965524
997745, 7965524
1000029, 7965524
1002313, 7965524
1004599, 7965524
1006881, 7965524
1009163, 7965524
1011447, 7965524
1013730, 7965524
1016012, 7965524
1018298, 7965524
1020581, 7965524
1022865, 7965524
1025154, 7965524
1027438, 7965524
1029722, 7965524
1032005, 7965524
1034288, 7965524
1036569, 7965524
1038853, 7965524
1041138, 7965524
1043423, 7965524
1045705, 7965524
1047989, 7965524
1050274, 7965524
1052557, 7965524
1054842, 7965524
1057125, 7965524
1059410, 7965524
1061694, 7965524
1063977, 7965524
1066261, 7965524
1068546, 7965524
1070828, 7965524
1073111, 7965524
1075395, 7965524
1077680, 7965524
1079962, 7965524
1082245, 7965524
1084532, 7965524
1086817, 7965524
1089102, 7965524
1091385, 7965524
1093670, 7965524
1095953, 7965524
1098237, 7965524
1100521, 7965524
1102807, 7965524
1105093, 7965524
1107376, 7965524
1109661, 7965524
1111946, 7965524
1114228, 7965524
1116514, 7965524
1118799, 7965524
1121082, 7965524
1123365, 7965524
1125652, 7965524
1127933, 7965524
1130213, 7965524
1132497, 7965524
1134781, 7965524
1137064, 7965524
1139350, 7965524
1141634, 7965524
1143914, 7965524
1146197, 7965524
1148482, 7965524
1150763, 7965524
1153047, 7965524
1155333, 7965524
1157617, 7965524
1159901, 7965524
1162189, 7965524
1164472, 7965524
1166757, 7965524
1169039, 7965524
1171320, 7965524
1173599, 7965524
1175880, 7965524
1178160, 7965524
1180443, 7965524
1182725, 7965524
1185008, 7965524
1187291, 7965524
1189575, 7965524
1191860, 7965524
1194139, 7965524
1196421, 7965524
1198703, 7965524
1200984, 7965524
1203270, 7965524
1205553, 7965524
1207837, 7965524
1210122, 7965524
1212406, 7965524
1214687, 7965524
1216972, 7965524
1219252, 7965524
1221531, 7965524
1223814, 7965524
1226097, 7965524
1228380, 7965524
1230664, 7965524
1232946, 7965524
1235228, 7965524
1237512, 7965524
1239791, 7965524
1242071, 7965524
1244351, 7965524
1246631, 7965524
1248911, 7965524
1251191, 7965524
1253474, 7965524
1255756, 7965524
1258039, 7965524
1260322, 7965524
1262603, 7965524
1264886, 7965524
1267169, 7965524
1269451, 7965524
1271737, 7965524
1274020, 7965524
1276302, 7965524
1278584, 7965524
1280868, 7965524
1283152, 7965524
1285433, 7965524
1287716, 7965524
1289999, 7965524
1292283, 7965524
1294567, 7965524
1296852, 7965524
1299136, 7965524
1301417, 7965524
1303699, 7965524
1305980, 7965524
1308258, 7965524
1310540, 7965524
1312819, 7965524
1315101, 7965524
1317383, 7965524
1319663, 7965524
1321943, 7965524
1324223, 7965524
1326504, 7965524
1328788, 7965524
1331071, 7965524
1333350, 7965524
1335632, 7965524
1337915, 7965524
1340201, 7965524
1342482, 7965524
1344762, 7965524
1347044, 7965524
1349327, 7965524
1351611, 7965524
1353891, 7965524
1356173, 7965524
1358457, 7965524
1360742, 7965524
1363025, 7965524
1365309, 7965524
1367591, 7965524
1369875, 7965524
1372158, 7965524
1374442, 7965524
1376725, 7965524
1379007, 7965524
1381290, 7965524
1383575, 7965524
1385859, 7965524
1388139, 7965524
1390426, 7965524
1392711, 7965524
1394992, 7965524
1397274, 7965524
1399556, 7965524
1401841, 7965524
1404123, 7965524
1406406, 7965524
1408692, 7965524
1410971, 7965524
1413253, 7965524
1415534, 7965524
1417817, 7965524
1420101, 7965524
1422382, 7965524
1424667, 7965524
1426948, 7965524
1429232, 7965524
1431515, 7965524
1433795, 7965524
1436075, 7965524
1438357, 7965524
1440638, 7965524
1442920, 7965524
1445199, 7965524
1447478, 7965524
1449762, 7965524
1452046, 7965524
1454328, 7965524
1456609, 7965524
1458891, 7965524
1461176, 7965524
1463457, 7965524
1465739, 7965524
1468023, 7965524
1470305, 7965524
1472589, 7965524
1474872, 7965524
1477153, 7965524
1479438, 7965524
1481721, 7965524
1484003, 7965524
1486283, 7965524
1488568, 7965524
1490848, 7965524
1493128, 7965524
1495414, 7965524
1497697, 7965524
1499981, 7965524
1502265, 7965524
1504548, 7965524
1506833, 7965524
1509111, 7965524
1511393, 7965524
1513675, 7965524
1515956, 7965524
1518240, 7965524
1520525, 7965524
1522809, 7965524
1525095, 7965524
1527379, 7965524
1529663, 7965524
1531945, 7965524
1534229, 7965524
1536513, 7965524
1538795, 7965524
1541077, 7965524
1543360, 7965524
1545645, 7965524
1547929, 7965524
1550213, 7965524
1552498, 7965524
1554780, 7965524
1557060, 7965524
1559340, 7965524
1561624, 7965524
1563910, 7965524
1566191, 7965524
1568477, 7965524
1570759, 7965524
1573044, 7965524
1575328, 7965524
1577616, 7965524
1579900, 7965524
1582179, 7965524
1584461, 7965524
1586743, 7965524
1589028, 7965524
1591312, 7965524
1593598, 7965524
1595880, 7965524
1598165, 7965524
1600447, 7965524
1602731, 7965524
1605016, 7965524
1607297, 7965524
1609581, 7965524
1611864, 7965524
1614146, 7965524
1616428, 7965524
1618713, 7965524
1620994, 7965524
1623277, 7965524
1625562, 7965524
1627844, 7965524
1630126, 7965524
1632410, 7965524
1634693, 7965524
1636975, 7965524
1639259, 7965524
1641543, 7965524
1643826, 7965524
1646106, 7965524
1648390, 7965524
1650671, 7965524
1652951, 7965524
1655235, 7965524
1657519, 7965524
1659803, 7965524
1662085, 7965524
1664368, 7965524
1666651, 7965524
1668936, 7965524
1671218, 7965524
1673499, 7965524
1675779, 7965524
1678060, 7965524
1680341, 7965524
1682622, 7965524
1684904, 7965524
1687183, 7965524
1689462, 7965524
1691744, 7965524
1694028, 7965524
1696311, 7965524
1698592, 7965524
1700871, 7965524
1703152, 7965524
1705432, 7965524
1707711, 7965524
1709992, 7965524
1712271, 7965524
1714552, 7965524
1716833, 7965524
1719114, 7965524
1721396, 7965524
1723676, 7965524
1725959, 7965524
1728244, 7965524
1730527, 7965524
1732807, 7965524
1735090, 7965524
1737372, 7965524
1739650, 7965524
1741932, 7965524
1744211, 7965524
1746491, 7965524
1748772, 7965524
1751055, 7965524
1753338, 7965524
1755619, 7965524
1757904, 7965524
1760183, 7965524
1762465, 7965524
1764747, 7965524
1767028, 7965524
1769308, 7965524
1771590, 7965524
1773876, 7965524
1776156, 7965524
1778440, 7965524
1780720, 7965524
1783002, 7965524
1785284, 7965524
1787564, 7965524
1789849, 7965524
1792133, 7965524
1794416, 7965524
1796702, 7965524
1798985, 7965524
1801264, 7965524
1803546, 7965524
1805829, 7965524
1808113, 7965524
1810396, 7965524
1812675, 7965524
1814957, 7965524
1817243, 7965524
1819523, 7965524
1821805, 7965524
1824088, 7965524
1826373, 7965524
1828656, 7965524
1830936, 7965524
1833215, 7965524
1835498, 7965524
1837781, 7965524
1840064, 7965524
1842349, 7965524
1844632, 7965524
1846917, 7965524
1849200, 7965524
1851479, 7965524
1853760, 7965524
1856044, 7965524
1858329, 7965524
1860610, 7965524
1862897, 7965524
1865179, 7965524
1867465, 7965524
1869748, 7965524
1872034, 7965524
1874315, 7965524
1876601, 7965524
1878886, 7965524
1881171, 7965524
1883456, 7965524
1885739, 7965524
1888025, 7965524
1890309, 7965524
1892593, 7965524
1894876, 7965524
1897162, 7965524
1899449, 7965524
1901730, 7965524
1904013, 7965524
1906298, 7965524
1908582, 7965524
1910865, 7965524
1913150, 7965524
1915434, 7965524
1917717, 7965524
1920002, 7965524
1922285, 7965524
1924570, 7965524
1926852, 7965524
1929131, 7965524
1931413, 7965524
1933695, 7965524
1935977, 7965524
1938258, 7965524
1940541, 7965524
1942825, 7965524
1945108, 7965524
1947391, 7965524
1949670, 7965524
1951955, 7965524
1954236, 7965524
1956519, 7965524
1958799, 7965524
1961080, 7965524
1963364, 7965524
1965649, 7965524
1967932, 7965524
1970210, 7965524
1972493, 7965524
1974776, 7965524
1977061, 7965524
1979344, 7965524
1981623, 7965524
1983904, 7965524
1986186, 7965524
1988468, 7965524
1990751, 7965524
1993032, 7965524
1995311, 7965524
1997594, 7965524
1999876, 7965524
2002159, 7965524
2004444, 7965524
2006727, 7965524
2009011, 7965524
2011294, 7965524
2013576, 7965524
2015861, 7965524
2018144, 7965524
2020424, 7965524
2022702, 7965524
2024985, 7965532
2027267, 7965532
2029547, 7965532
2031827, 7965532
2034109, 7965532
2036391, 7965532
2038677, 7965532
2040958, 7965532
2043241, 7965532
2045523, 7965532
2047807, 7965532
2050091, 7965532
2052375, 7965532
2054654, 7965532
2056934, 7965532
2059216, 7965532
2061496, 7965532
2063775, 7965532
2066055, 7965532
2068339, 7965532
2070620, 7965532
2072902, 7965532
2075184, 7965532
2077463, 7965532
2079746, 7965532
2082028, 7965532
2084312, 7965532
2086590, 7965532
2088873, 7965532
2091154, 7965532
2093435, 7965532
2095715, 7965532
2097996, 7965532
2100278, 7965532
2102561, 7965532
2104845, 7965532
2107128, 7965532
2109407, 7965532
2111689, 7965532
2113970, 7965532
2116255, 7965532
2118537, 7965532
2120819, 7965532
2123102, 7965532
2125384, 7965532
2127666, 7965532
2129949, 7965532
2132231, 7965532
2134510, 7965532
2136793, 7965532
2139074, 7965532
2141357, 7965532
2143641, 7965532
2145925, 7965532
2148209, 7965532
2150492, 7965532
2152772, 7965532
2155055, 7965532
2157336, 7965532
2159617, 7965532
2161900, 7965532
2164185, 7965532
2166469, 7965532
2168753, 7965532
2171036, 7965532
2173318, 7965532
2175599, 7965532
2177882, 7965532
2180168, 7965532
2182452, 7965532
2184731, 7965532
2187016, 7965532
2189299, 7965532
2191585, 7965532
2193869, 7965532
2196152, 7965532
2198437, 7965532
2200721, 7965532
2203005, 7965532
2205288, 7965532
2207574, 7965532
2209859, 7965532
2212140, 7965532
2214425, 7965532
2216708, 7965532
2218992, 7965532
2221277, 7965532
2223556, 7965532
2225836, 7965532
2228121, 7965532
2230405, 7965532
2232689, 7965532
2234974, 7965532
2237258, 7965532
2239544, 7965532
2241828, 7965532
2244112, 7965532
2246394, 7965532
2248679, 7965532
2250960, 7965532
2253241, 7965532
2255527, 7965532
2257810, 7965532
2260091, 7965532
2262375, 7965532
2264658, 7965532
2266943, 7965532
2269227, 7965532
2271511, 7965532
2273794, 7965532
2276077, 7965532
2278363, 7965532
2280645, 7965532
2282929, 7965532
2285213, 7965532
2287497, 7965532
2289782, 7965532
2292065, 7965532
2294351, 7965532
2296633, 7965532
2298912, 7965532
2301194, 7965532
2303476, 7965532
2305756, 7965532
2308036, 7965532
2310320, 7965532
2312603, 7965532
2314886, 7965532
2317168, 7965532
2319450, 7965532
2321737, 7965532
2324020, 7965532
2326304, 7965532
2328587, 7965532
2330868, 7965532
2333151, 7965532
2335436, 7965532
2337716, 7965532
2340000, 7965532
2342282, 7965532
2344567, 7965532
2346848, 7965532
2349132, 7965532
2351415, 7965532
2353698, 7965532
2355982, 7965532
2358264, 7965532
2360548, 7965532
2362830, 7965532
2365113, 7965532
2367395, 7965532
2369679, 7965532
2371962, 7965532
2374245, 7965532
2376530, 7965532
2378810, 7965532
2381095, 7965532
2383374, 7965532
2385655, 7965532
2387936, 7965532
2390220, 7965532
2392502, 7965532
2394787, 7965532
2397069, 7965532
2399350, 7965532
2401631, 7965532
2403913, 7965532
2406195, 7965532
2408479, 7965532
2410763, 7965532
2413047, 7965532
2415329, 7965532
2417613, 7965532
2419897, 7965532
2422178, 7965532
2424459, 7965532
2426742, 7965532
2429027, 7965532
2431308, 7965532
2433592, 7965532
2435875, 7965532
2438155, 7965532
2440437, 7965532
2442719, 7965532
2445004, 7965532
2447288, 7965532
2449572, 7965532
2451856, 7965532
2454137, 7965532
2456419, 7965532
2458704, 7965532
2460989, 7965532
2463272, 7965532
2465556, 7965532
2467842, 7965532
2470124, 7965532
2472407, 7965532
2474688, 7965532
2476973, 7965532
2479257, 7965532
2481538, 7965532
2483821, 7965532
2486104, 7965532
2488386, 7965532
2490667, 7965532
2492952, 7965532
2495235, 7965532
2497520, 7965532
2499801, 7965532
2502085, 7965532
2504368, 7965532
2506653, 7965532
2508938, 7965532
2511221, 7965532
2513505, 7965532
2515784, 7965532
2518062, 7965532
2520344, 7965532
2522628, 7965532
2524913, 7965532
2527194, 7965532
2529476, 7965532
2531757, 7965532
2534043, 7965532
2536324, 7965532
2538606, 7965532
2540890, 7965532
2543173, 7965532
2545456, 7965532
2547741, 7965532
2550023, 7965532
2552303, 7965532
2554589, 7965532
2556871, 7965532
2559154, 7965532
2561437, 7965532
2563718, 7965532
2566001, 7965532
2568283, 7965532
2570568, 7965532
2572853, 7965532
2575131, 7965532
2577414, 7965532
2579697, 7965532
2581978, 7965532
2584260, 7965532
2586540, 7965532
2588819, 7965532
2591103, 7965532
2593384, 7965532
2595663, 7965532
2597943, 7965532
2600224, 7965532
2602507, 7965532
2604789, 7965532
2607071, 7965532
2609353, 7965532
2611633, 7965532
2613915, 7965532
2616196, 7965532
2618478, 7965532
2620760, 7965532
2623039, 7965532
2625320, 7965532
2627602, 7965532
2629884, 7965532
2632165, 7965532
2634446, 7965532
2636728, 7965532
2639011, 7965532
2641295, 7965532
2643575, 7965532
2645855, 7965532
2648138, 7965532
2650422, 7965532
2652704, 7965532
2654988, 7965532
2657267, 7965532
2659551, 7965532
2661830, 7965532
2664112, 7965532
2666396, 7965532
2668679, 7965532
2670959, 7965532
2673238, 7965532
2675521, 7965532
2677804, 7965532
2680089, 7965532
2682372, 7965532
2684656, 7965532
2686940, 7965532
2689224, 7965532
2691507, 7965532
2693788, 7965532
2696069, 7965532
2698353, 7965532
2700635, 7965532
2702917, 7965532
2705195, 7965532
2707477, 7965532
2709759, 7965532
2712041, 7965532
2714324, 7965532
2716608, 7965532
2718887, 7965532
2721170, 7965532
2723454, 7965532
2725739, 7965532
2728019, 7965532
2730304, 7965532
2732589, 7965532
2734873, 7965532
2737158, 7965532
2739440, 7965532
2741719, 7965532
2744002, 7965532
2746285, 7965532
2748569, 7965532
2750854, 7965532
2753137, 7965532
2755416, 7965532
2757700, 7965532
2759984, 7965532
2762270, 7965532
2764553, 7965532
2766837, 7965532
2769120, 7965532
2771403, 7965532
2773688, 7965532
2775973, 7965532
2778259, 7965532
2780542, 7965532
2782830, 7965532
2785117, 7965532
2787396, 7965532
2789680, 7965532
2791965, 7965532
2794249, 7965532
2796533, 7965532
2798818, 7965532
2801099, 7965532
2803383, 7965532
2805665, 7965532
2807948, 7965532
2810233, 7965532
2812517, 7965532
2814799, 7965532
2817081, 7965532
2819366, 7965532
2821648, 7965532
2823933, 7965532
2826217, 7965532
2828501, 7965532
2830786, 7965532
2833069, 7965532
2835353, 7965532
2837637, 7965532
2839919, 7965532
2842199, 7965532
2844480, 7965532
2846760, 7965532
2849040, 7965532
2851320, 7965532
2853601, 7965532
2855883, 7965532
2858167, 7965532
2860451, 7965532
2862731, 7965532
2865012, 7965532
2867297, 7965532
2869581, 7965532
2871865, 7965532
2874147, 7965532
2876432, 7965532
2878711, 7965532
2880992, 7965532
2883275, 7965532
2885556, 7965532
2887840, 7965536
2890123, 7965536
2892407, 7965536
2894693, 7965536
2896976, 7965536
2899258, 7965536
2901539, 7965536
2903819, 7965536
2906102, 7965536
2908383, 7965536
2910664, 7965536
2912947, 7965536
2915227, 7965536
2917511, 7965536
2919792, 7965536
2922071, 7965536
2924351, 7965536
2926632, 7965536
2928915, 7965536
2931196, 7965536
2933476, 7965536
2935754, 7965536
2938038, 7965536
2940318, 7965536
2942600, 7965536
2944880, 7965536
2947161, 7965536
2949443, 7965536
2951726, 7965536
2954011, 7965536
2956292, 7965536
2958576, 7965536
2960858, 7965536
2963140, 7965536
2965423, 7965536
2967709, 7965536
2969990, 7965536
2972272, 7965536
2974552, 7965536
2976831, 7965536
2979113, 7965536
2981395, 7965536
2983678, 7965536
2985963, 7965536
2988246, 7965536
2990529, 7965536
2992812, 7965536
2995097, 7965536
2997380, 7965536
2999663, 7965536
3001945, 7965536
3004227, 7965536
3006512, 7965536
3008795, 7965536
3011079, 7965536
3013358, 7965536
3015640, 7965536
3017919, 7965536
3020201, 7965536
3022486, 7965536
3024768, 7965536
3027051, 7965536
3029333, 7965536
3031617, 7965536
3033901, 7965536
3036185, 7965536
3038468, 7965536
3040753, 7965536
3043037, 7965536
3045320, 7965536
3047603, 7965536
3049889, 7965536
3052173, 7965536
3054458, 7965536
3056742, 7965536
3059025, 7965536
3061307, 7965536
3063591, 7965536
3065873, 7965536
3068157, 7965536
3070437, 7965536
3072720, 7965536
3074998, 7965536
3077280, 7965536
3079563, 7965536
3081843, 7965536
3084124, 7965536
3086407, 7965536
3088688, 7965536
3090970, 7965536
3093252, 7965536
3095531, 7965536
3097815, 7965536
3100095, 7965536
3102376, 7965536
3104657, 7965536
3106940, 7965536
3109219, 7965536
3111499, 7965536
3113784, 7965536
3116063, 7965536
3118344, 7965536
3120623, 7965536
3122907, 7965536
3125191, 7965536
3127474, 7965536
3129756, 7965536
3132040, 7965536
3134320, 7965536
3136603, 7965536
3138884, 7965536
3141167, 7965536
3143448, 7965536
3145732, 7965536
3148015, 7965536
3150298, 7965536
3152580, 7965536
3154863, 7965536
3157148, 7965536
3159430, 7965536
3161711, 7965536
3163990, 7965536
3166272, 7965536
3168556, 7965536
3170839, 7965536
3173120, 7965536
3175398, 7965536
3177680, 7965536
3179962, 7965536
3182244, 7965536
3184526, 7965536
3186812, 7965536
3189095, 7965536
3191376, 7965536
3193658, 7965536
3195942, 7965536
3198224, 7965536
3200506, 7965536
3202783, 7965536
3205066, 7965536
3207348, 7965536
3209627, 7965536
3211908, 7965536
3214191, 7965536
3216477, 7965536
3218762, 7965536
3221044, 7965536
3223326, 7965536
3225608, 7965536
3227887, 7965536
3230169, 7965536
3232452, 7965536
3234734, 7965536
3237017, 7965536
3239301, 7965536
3241584, 7965536
3243865, 7965536
3246150, 7965536
3248432, 7965536
3250715, 7965536
3252997, 7965536
3255274, 7965536
3257558, 7965536
3259840, 7965536
3262124, 7965536
3264408, 7965536
3266691, 7965536
3268971, 7965536
3271253, 7965536
3273534, 7965536
3275816, 7965536
3278097, 7965536
3280381, 7965536
3282664, 7965536
3284948, 7965536
3287232, 7965536
3289515, 7965536
3291795, 7965536
3294076, 7965536
3296358, 7965536
3298640, 7965536
3300918, 7965536
3303201, 7965536
3305483, 7965536
3307768, 7965536
3310046, 7965536
3312329, 7965536
3314613, 7965536
3316896, 7965536
3319177, 7965536
3321460, 7965536
3323743, 7965536
3326024, 7965536
3328307, 7965536
3330589, 7965536
3332867, 7965536
3335151, 7965536
3337434, 7965536
3339716, 7965536
3341997, 7965536
3344283, 7965536
3346566, 7965536
3348851, 7965536
3351133, 7965536
3353417, 7965536
3355701, 7965536
3357985, 7965536
3360269, 7965536
3362552, 7965536
3364831, 7965536
3367113, 7965536
3369395, 7965536
3371679, 7965536
3373966, 7965536
3376249, 7965536
3378533, 7965536
3380817, 7965536
3383103, 7965536
3385385, 7965536
3387669, 7965536
3389953, 7965536
3392239, 7965536
3394525, 7965536
3396813, 7965536
3399095, 7965536
3401380, 7965536
3403666, 7965536
3405949, 7965536
3408233, 7965536
3410516, 7965536
3412798, 7965536
3415080, 7965536
3417363, 7965536
3419648, 7965536
3421929, 7965536
3424211, 7965536
3426494, 7965536
3428777, 7965536
3431061, 7965536
3433345, 7965536
3435628, 7965536
3437908, 7965536
3440193, 7965536
3442477, 7965536
3444761, 7965536
3447044, 7965536
3449324, 7965536
3451607, 7965536
3453888, 7965536
3456167, 7965536
3458449, 7965536
3460731, 7965536
3463011, 7965536
3465293, 7965536
3467578, 7965536
3469861, 7965536
3472143, 7965536
3474425, 7965536
3476708, 7965536
3478987, 7965536
3481269, 7965536
3483553, 7965536
3485837, 7965536
3488121, 7965536
3490406, 7965536
3492688, 7965536
3494974, 7965536
3497257, 7965536
3499540, 7965536
3501825, 7965536
3504106, 7965536
3506387, 7965536
3508671, 7965536
3510956, 7965536
3513236, 7965536
3515516, 7965536
3517800, 7965536
3520086, 7965536
3522370, 7965536
3524653, 7965536
3526936, 7965536
3529219, 7965536
3531505, 7965536
3533786, 7965536
3536069, 7965536
3538354, 7965536
3540636, 7965536
3542921, 7965536
3545205, 7965536
3547487, 7965536
3549768, 7965536
3552052, 7965536
3554332, 7965536
3556615, 7965536
3558899, 7965536
3561180, 7965536
3563462, 7965536
3565743, 7965536
3568024, 7965536
3570307, 7965536
3572590, 7965536
3574873, 7965536
3577157, 7965536
3579441, 7965536
3581725, 7965536
3584009, 7965536
3586293, 7965536
3588576, 7965536
3590855, 7965536
3593138, 7965536
3595424, 7965536
3597704, 7965536
3599989, 7965536
3602271, 7965536
3604557, 7965536
3606839, 7965536
3609120, 7965536
3611402, 7965536
3613684, 7965536
3615968, 7965536
3618250, 7965536
3620533, 7965536
3622816, 7965536
3625099, 7965536
3627381, 7965536
3629664, 7965536
3631949, 7965536
3634232, 7965536
3636516, 7965536
3638796, 7965536
3641081, 7965536
3643364, 7965536
3645646, 7965536
3647927, 7965536
3650208, 7965536
3652490, 7965536
3654774, 7965536
3657057, 7965536
3659341, 7965536
3661624, 7965536
3663907, 7965536
3666188, 7965536
3668469, 7965536
3670752, 7965536
3673032, 7965536
3675316, 7965536
3677595, 7965536
3679877, 7965536
3682160, 7965536
3684440, 7965536
3686725, 7965536
3689008, 7965536
3691290, 7965536
3693572, 7965536
3695856, 7965536
3698139, 7965536
3700420, 7965536
3702704, 7965536
3704986, 7965536
3707269, 7965536
3709552, 7965536
3711835, 7965536
3714121, 7965536
3716404, 7965536
3718686, 7965536
3720967, 7965536
3723248, 7965536
3725531, 7965536
3727816, 7965536
3730099, 7965536
3732385, 7965536
3734668, 7965536
3736953, 7965536
3739237, 7965536
3741521, 7965536
3743801, 7965536
3746085, 7965536
3748370, 7965536
3750655, 7965536
3752940, 7965536
3755224, 7965536
3757503, 7965536
3759790, 7965536
3762072, 7965536
3764355, 7965536
3766638, 7965536
3768923, 7965536
3771209, 7965536
3773492, 7965536
3775776, 7965536
3778059, 7965536
3780341, 7965536
3782625, 7965536
3784909, 7965536
3787194, 7965536
3789478, 7965536
3791764, 7965536
3794045, 7965536
3796323, 7965536
3798605, 7965536
3800889, 7965536
3803171, 7965536
3805452, 7965536
3807735, 7965536
3810015, 7965536
3812295, 7965536
3814574, 7965536
3816857, 7965536
3819140, 7965536
3821421, 7965536
3823703, 7965536
3825989, 7965536
3828273, 7965536
3830556, 7965536
3832835, 7965536
3835118, 7965536
3837401, 7965536
3839683, 7965536
3841964, 7965536
3844248, 7965536
3846531, 7965536
3848811, 7965536
3851093, 7965536
3853376, 7965536
3855655, 7965536
3857938, 7965536
3860220, 7965536
3862502, 7965536
3864784, 7965536
3867067, 7965536
3869349, 7965536
3871629, 7965536
3873911, 7965536
3876195, 7965536
3878476, 7965536
3880759, 7965536
3883043, 7965536
3885323, 7965536
3887605, 7965536
3889887, 7965536
3892168, 7965536
3894452, 7965536
3896736, 7965536
3899016, 7965536
3901295, 7965536
3903581, 7965536
3905864, 7965536
3908145, 7965536
3910424, 7965536
3912707, 7965536
3914988, 7965536
3917272, 7965536
3919557, 7965536
3921838, 7965536
3924120, 7965536
3926403, 7965536
3928683, 7965536
3930965, 7965536
3933247, 7965536
3935531, 7965536
3937814, 7965536
3940099, 7965536
3942383, 7965536
3944663, 7965536
3946946, 7965536
3949228, 7965536
3951513, 7965536
3953795, 7965536
3956075, 7965536
3958359, 7965536
3960643, 7965536
3962927, 7965536
3965207, 7965536
3967491, 7965536
3969775, 7965536
3972055, 7965536
3974340, 7965536
3976625, 7965536
3978906, 7965536
3981192, 7965536
3983478, 7965536
3985761, 7965536
3988047, 7965536
3990329, 7965536
3992613, 7965536
3994896, 7965536
3997181, 7965536
3999465, 7965536
4001749, 7965536
4004034, 7965536
4006321, 7965536
4008605, 7965536
4010889, 7965536
4013173, 7965536
4015458, 7965536
4017741, 7965536
4020026, 7965536
4022313, 7965536
4024597, 7965536
4026882, 7965536
4029165, 7965536
4031450, 7965536
4033735, 7965536
4036018, 7965536
4038305, 7965536
4040589, 7965536
4042873, 7965536
4045156, 7965536
4047436, 7965536
4049721, 7965536
4052004, 7965536
4054288, 7965536
4056573, 7965536
4058856, 7965536
4061136, 7965536
4063421, 7965536
4065706, 7965536
4067988, 7965536
4070272, 7965536
4072557, 7965536
4074841, 7965536
4077125, 7965536
4079408, 7965536
4081694, 7965536
4083977, 7965536
4086261, 7965536
4088545, 7965536
4090830, 7965536
4093110, 7965536
4095395, 7965536
4097679, 7965536
4099964, 7965536
4102245, 7965536
4104528, 7965536
4106808, 7965536
4109092, 7965536
4111375, 7965536
4113657, 7965536
4115941, 7965536
4118224, 7965536
4120505, 7965536
4122789, 7965536
4125073, 7965536
4127359, 7965536
4129642, 7965536
4131926, 7965536
4134212, 7965536
4136497, 7965536
4138783, 7965536
4141065, 7965536
4143350, 7965536
4145635, 7965536
4147919, 7965536
4150205, 7965536
4152489, 7965536
4154773, 7965536
4157057, 7965536
4159342, 7965536
4161625, 7965536
4163913, 7965536
4166196, 7965536
4168481, 7965536
4170765, 7965536
4173049, 7965536
4175334, 7965536
4177621, 7965536
4179905, 7965536
4182190, 7965536
4184475, 7965536
4186759, 7965536
4189045, 7965536
4191328, 7965536
4193611, 7965536
4195890, 7965536
4198174, 7965536
4200456, 7965536
4202735, 7965536
4205017, 7965536
4207300, 7965536
4209586, 7965536
4211868, 7965536
4214152, 7965536
4216436, 7965536
4218719, 7965536
4221003, 7965536
4223288, 7965536
4225573, 7965536
4227856, 7965536
4230136, 7965536
4232419, 7965536
4234701, 7965536
4236979, 7965536
4239260, 7965536
4241543, 7965536
4243823, 7965536
4246104, 7965536
4248388, 7965536
4250671, 7965536
4252952, 7965536
4255234, 7965536
4257516, 7965536
4259795, 7965536
4262076, 7965536
4264359, 7965536
4266640, 7965536
4268923, 7965536
4271207, 7965536
4273486, 7965536
4275770, 7965536
4278053, 7965536
4280334, 7965536
4282615, 7965536
4284897, 7965536
4287177, 7965536
4289459, 7965536
4291743, 7965536
4294026, 7965536
4296309, 7965536
4298594, 7965536
4300878, 7965536
4303161, 7965536
4305444, 7965536
4307729, 7965536
4310011, 7965536
4312293, 7965536
4314575, 7965536
4316857, 7965536
4319139, 7965536
4321423, 7965536
4323708, 7965536
4325993, 7965536
4328275, 7965536
4330556, 7965536
4332835, 7965536
4335116, 7965536
4337395, 7965536
4339676, 7965536
4341961, 7965536
4344243, 7965536
4346525, 7965536
4348809, 7965536
4351091, 7965536
4353374, 7965536
4355650, 7965536
4357935, 7965536
4360216, 7965536
4362499, 7965536
4364779, 7965536
4367059, 7965536
4369341, 7965536
4371622, 7965536
4373905, 7965536
4376188, 7965536
4378471, 7965536
4380754, 7965536
4383036, 7965536
4385320, 7965536
4387599, 7965536
4389876, 7965536
4392157, 7965536
4394440, 7965536
4396722, 7965536
4399005, 7965536
4401288, 7965536
4403568, 7965536
4405849, 7965536
4408130, 7965536
4410412, 7965536
4412697, 7965536
4414981, 7965536
4417265, 7965536
4419550, 7965536
4421833, 7965536
4424116, 7965536
4426400, 7965536
4428685, 7965536
4430969, 7965536
4433251, 7965536
4435532, 7965536
4437816, 7965536
4440096, 7965536
4442380, 7965536
4444660, 7965536
4446945, 7965536
4449230, 7965536
4451515, 7965536
4453797, 7965536
4456080, 7965536
4458362, 7965536
4460644, 7965536
4462929, 7965536
4465212, 7965536
4467496, 7965536
4469780, 7965536
4472066, 7965536
4474348, 7965536
4476632, 7965536
4478914, 7965536
4481197, 7965536
4483480, 7965536
4485765, 7965536
4488050, 7965536
4490332, 7965536
4492617, 7965536
4494902, 7965536
4497185, 7965536
4499469, 7965536
4501753, 7965536
4504038, 7965536
4506323, 7965536
4508606, 7965536
4510891, 7965536
4513174, 7965536
4515457, 7965536
4517740, 7965536
4520018, 7965536
4522301, 7965536
4524585, 7965536
4526869, 7965536
4529152, 7965536
4531434, 7965536
4533720, 7965536
4536003, 7965536
4538286, 7965536
4540569, 7965536
4542854, 7965536
4545137, 7965536
4547421, 7965536
4549707, 7965536
4551989, 7965536
4554274, 7965536
4556559, 7965536
4558842, 7965536
4561125, 7965536
4563409, 7965536
4565692, 7965536
4567973, 7965536
4570251, 7965536
4572533, 7965536
4574816, 7965536
4577101, 7965536
4579385, 7965536
4581669, 7965536
4583954, 7965536
4586238, 7965536
4588521, 7965536
4590805, 7965536
4593089, 7965536
4595374, 7965536
4597657, 7965536
4599939, 7965536
4602219, 7965536
4604501, 7965536
4606788, 7965536
4609069, 7965536
4611352, 7965536
4613637, 7965536
4615918, 7965536
4618200, 7965536
4620480, 7965536
4622759, 7965536
4625042, 7965536
4627326, 7965536
4629611, 7965536
4631894, 7965536
4634178, 7965536
4636461, 7965536
4638745, 7965536
4641029, 7965536
4643311, 7965536
4645593, 7965536
4647874, 7965536
4650156, 7965536
4652434, 7965536
4654717, 7965536
4656999, 7965536
4659281, 7965536
4661562, 7965536
4663845, 7965536
4666128, 7965536
4668414, 7965536
4670696, 7965536
4672982, 7965536
4675267, 7965536
4677552, 7965536
4679836, 7965536
4682115, 7965536
4684398, 7965536
4686680, 7965536
4688961, 7965536
4691245, 7965536
4693528, 7965536
4695812, 7965536
4698098, 7965536
4700382, 7965536
4702665, 7965536
4704949, 7965536
4707232, 7965536
4709519, 7965536
4711802, 7965536
4714084, 7965536
4716370, 7965536
4718654, 7965536
4720938, 7965536
4723225, 7965536
4725509, 7965536
4727794, 7965536
4730078, 7965536
4732362, 7965536
4734645, 7965536
4736926, 7965536
4739207, 7965536
4741492, 7965536
4743773, 7965536
4746055, 7965536
4748340, 7965536
4750624, 7965536
4752908, 7965536
4755190, 7965536
4757472, 7965536
4759755, 7965536
4762035, 7965536
4764319, 7965536
4766602, 7965536
4768883, 7965536
4771166, 7965536
4773450, 7965536
4775731, 7965536
4778011, 7965536
4780292, 7965536
4782574, 7965536
4784857, 7965536
4787139, 7965580
4789420, 7965580
4791698, 7965580
4793973, 7965580
