35, 4392
2256, 4807792
4480, 4810580
6707, 4811836
8933, 4812584
11153, 4813048
13374, 4813304
15596, 4813448
17820, 4813564
20055, 4813580
22288, 4813580
24517, 4813580
26748, 4813580
28983, 4813580
31215, 4813580
33450, 4813580
35683, 4813580
37916, 4813580
40147, 4813580
42382, 4813580
44614, 4813580
46845, 4813580
49075, 4813580
51311, 4813580
53544, 4813580
55778, 4813580
58011, 4813580
60246, 4813580
62478, 4813580
64714, 4813580
66949, 4813580
69185, 4813580
71417, 4813580
73650, 4813580
75883, 4813580
78115, 4813580
80346, 4813580
82580, 4813580
84812, 4813580
87045, 4813580
89278, 4813580
91511, 4813580
93743, 4813580
95978, 4813580
98209, 4813580
100441, 4813580
102675, 4813580
104907, 4813580
107142, 4813580
109372, 4813580
111602, 4813580
113835, 4813580
116067, 4813580
118300, 4813580
120535, 4813580
122765, 4813580
124997, 4813580
127227, 4813580
129459, 4813580
131692, 4813580
133927, 4813580
136158, 4813580
138391, 4813580
140626, 4813580
142859, 4813580
145092, 4813580
147323, 4813580
149553, 4813580
151787, 4813580
154018, 4813580
156251, 4813580
158483, 4813580
160717, 4813580
162949, 4813580
165178, 4813580
167409, 4813580
169644, 4813580
171878, 4813580
174114, 4813580
176349, 4813580
178582, 4813580
180817, 4813580
183049, 4813580
185281, 4813580
187516, 4813580
189750, 4813580
191984, 4813580
194219, 4813580
196449, 4813580
198684, 4813580
200919, 4813580
203154, 4813580
205386, 4813580
207622, 4813580
209853, 4813580
212088, 4813604
214325, 4813604
216560, 4813604
218790, 4813604
221019, 4813604
223248, 4813604
225482, 4813604
227715, 4813604
229951, 4813604
232187, 4813604
234423, 4813604
236658, 4813604
238893, 4813604
241128, 4813604
243362, 4813604
245597, 4813604
247831, 4813604
250065, 4813604
252297, 4813604
254531, 4813604
256759, 4813604
258989, 4813604
261220, 4813604
263455, 4813604
265687, 4813604
267920, 4813604
270150, 4813604
272381, 4813604
274613, 4813604
276845, 4813604
279078, 4813604
281310, 4813604
283541, 4813604
285774, 4813604
288009, 4813604
290240, 4813604
292473, 4813604
294707, 4813604
296939, 4813604
299174, 4813604
301410, 4813604
303641, 4813604
305872, 4813604
308106, 4813604
310342, 4813604
312573, 4813604
314805, 4813604
317040, 4813604
319271, 4813604
321504, 4813604
323736, 4813604
325967, 4813604
328201, 4813604
330434, 4813604
332670, 4813604
334903, 4813604
337138, 4813604
339373, 4813604
341606, 4813604
343839, 4813604
346072, 4813604
348305, 4813604
350537, 4813604
352770, 4813604
355004, 4813604
357238, 4813604
359470, 4813604
361706, 4813604
363936, 4813604
366170, 4813604
368402, 4813604
370634, 4813604
372868, 4813604
375102, 4813604
377334, 4813604
379564, 4813604
381794, 4813604
384028, 4813604
386262, 4813604
388496, 4813604
390727, 4813604
392962, 4813604
395193, 4813604
397423, 4813652
399656, 4813652
401890, 4813652
404124, 4813652
406357, 4813652
408589, 4813652
410821, 4813652
413053, 4813652
415284, 4813652
417514, 4813652
419747, 4813652
421977, 4813652
424210, 4813652
426442, 4813652
428674, 4813652
430906, 4813652
433138, 4813652
435368, 4813652
437599, 4813652
439829, 4813652
442063, 4813652
444296, 4813652
446529, 4813652
448765, 4813652
450994, 4813652
453228, 4813652
455461, 4813652
457694, 4813652
459924, 4813652
462156, 4813652
464392, 4813652
466625, 4813652
468854, 4813652
471087, 4813652
473318, 4813652
475550, 4813652
477783, 4813652
480015, 4813652
482248, 4813652
484479, 4813652
486709, 4813652
488941, 4813652
491169, 4813652
493402, 4813652
495633, 4813652
497862, 4813652
500094, 4813652
502324, 4813652
504555, 4813652
506790, 4813652
509021, 4813652
511252, 4813652
513486, 4813652
515718, 4813652
517947, 4813652
520176, 4813652
522405, 4813652
524636, 4813652
526868, 4813652
529101, 4813652
531335, 4813652
533568, 4813652
535799, 4813652
538032, 4813652
540266, 4813652
542501, 4813652
544729, 4813652
546960, 4813652
549191, 4813652
551425, 4813652
553657, 4813652
555890, 4813652
558121, 4813652
560354, 4813652
562585, 4813652
564816, 4813652
567048, 4813652
569278, 4813652
571513, 4813652
573744, 4813652
575978, 4813652
578213, 4813652
580445, 4813652
582679, 4813652
584913, 4813652
587145, 4813652
589379, 4813652
591611, 4813652
593846, 4813652
596076, 4813652
598310, 4813652
600543, 4813652
602775, 4813652
605007, 4813652
607242, 4813652
609474, 4813652
611707, 4813652
613940, 4813652
616172, 4813652
618406, 4813652
620638, 4813652
622868, 4813652
625104, 4813652
627339, 4813652
629571, 4813652
631807, 4813652
634041, 4813652
636273, 4813652
638506, 4813652
640739, 4813652
642969, 4813652
645201, 4813652
647437, 4813652
649670, 4813652
651904, 4813652
654137, 4813652
656370, 4813652
658605, 4813652
660840, 4813652
663074, 4813652
665311, 4813652
667541, 4813652
669774, 4813652
672009, 4813652
674243, 4813652
676479, 4813652
678710, 4813652
680941, 4813652
683176, 4813652
685410, 4813652
687644, 4813652
689876, 4813652
692111, 4813652
694345, 4813652
696576, 4813652
698808, 4813652
701043, 4813652
703275, 4813652
705509, 4813652
707743, 4813652
709978, 4813652
712213, 4813652
714445, 4813652
716676, 4813652
718904, 4813652
721134, 4813652
723365, 4813652
725597, 4813652
727831, 4813652
730064, 4813652
732293, 4813652
734524, 4813652
736760, 4813652
738988, 4813652
741221, 4813652
743453, 4813652
745687, 4813652
747916, 4813652
750145, 4813652
752376, 4813652
754610, 4813652
756841, 4813652
759070, 4813652
761302, 4813652
763531, 4813652
765761, 4813652
767994, 4813652
770229, 4813652
772461, 4813652
774693, 4813652
776924, 4813652
779154, 4813652
781385, 4813652
783615, 4813652
785846, 4813652
788076, 4813652
790310, 4813652
792540, 4813652
794771, 4813652
797003, 4813652
799235, 4813652
801468, 4813652
803704, 4813652
805935, 4813652
808167, 4813652
810399, 4813652
812634, 4813652
814867, 4813652
817100, 4813652
819334, 4813652
821567, 4813652
823798, 4813652
826031, 4813652
828262, 4813652
830492, 4813652
832725, 4813652
834958, 4813652
837194, 4813652
839426, 4813652
841657, 4813652
843889, 4813652
846120, 4813652
848353, 4813652
850583, 4813652
852812, 4813652
855045, 4813652
857277, 4813652
859507, 4813652
861739, 4813652
863974, 4813652
866205, 4813652
868433, 4813652
870664, 4813652
872896, 4813652
875125, 4813652
877355, 4813652
879589, 4813652
881821, 4813652
884052, 4813652
886281, 4813652
888512, 4813652
890744, 4813652
892973, 4813652
895205, 4813652
897438, 4813652
899668, 4813652
901900, 4813652
904133, 4813652
906364, 4813652
908597, 4813652
910828, 4813652
913057, 4813652
915288, 4813652
917519, 4813652
919752, 4813652
921986, 4813652
924217, 4813652
926449, 4813652
928679, 4813652
930911, 4813652
933140, 4813652
935374, 4813652
937609, 4813652
939838, 4813652
942071, 4813652
944300, 4813652
946532, 4813652
948765, 4813652
950999, 4813652
953229, 4813652
955461, 4813652
957697, 4813652
959930, 4813652
962163, 4813652
964397, 4813652
966629, 4813652
968858, 4813652
971090, 4813652
973325, 4813652
975557, 4813652
977788, 4813652
980017, 4813652
982247, 4813652
984479, 4813652
986707, 4813652
988939, 4813652
991173, 4813652
993406, 4813652
995637, 4813652
997872, 4813652
1000102, 4813652
1002335, 4813652
1004567, 4813652
1006800, 4813652
1009030, 4813652
1011260, 4813652
1013493, 4813652
1015725, 4813652
1017954, 4813652
1020184, 4813652
1022416, 4813652
1024650, 4813652
1026885, 4813652
1029114, 4813652
1031345, 4813652
1033574, 4813652
1035804, 4813652
1038037, 4813652
1040270, 4813652
1042504, 4813652
1044737, 4813652
1046968, 4813652
1049203, 4813652
1051435, 4813652
1053667, 4813652
1055896, 4813652
1058126, 4813652
1060357, 4813652
1062587, 4813652
1064817, 4813652
1067045, 4813652
1069275, 4813652
1071509, 4813652
1073746, 4813652
1075979, 4813652
1078213, 4813652
1080445, 4813652
1082679, 4813652
1084934, 4813652
1087169, 4813652
1089401, 4813652
1091633, 4813652
1093868, 4813652
1096102, 4813652
1098330, 4813652
1100563, 4813652
1102794, 4813652
1105024, 4813652
1107257, 4813652
1109491, 4813652
1111725, 4813652
1113956, 4813652
1116189, 4813652
1118423, 4813652
1120655, 4813652
1122889, 4813652
1125121, 4813652
1127355, 4813652
1129587, 4813652
1131817, 4813652
1134052, 4813652
1136284, 4813652
1138520, 4813652
1140750, 4813652
1142980, 4813652
1145210, 4813652
1147442, 4813652
1149675, 4813652
1151905, 4813652
1154137, 4813652
1156370, 4813652
1158600, 4813652
1160830, 4813652
1163060, 4813652
1165293, 4813652
1167528, 4813652
1169759, 4813652
1171992, 4813652
1174224, 4813652
1176458, 4813652
1178689, 4813652
1180920, 4813652
1183153, 4813652
1185387, 4813652
1187618, 4813652
1189847, 4813652
1192081, 4813652
1194315, 4813652
1196546, 4813652
1198780, 4813652
1201011, 4813652
1203242, 4813652
1205473, 4813652
1207704, 4813652
1209939, 4813652
1212169, 4813652
1214401, 4813652
1216634, 4813652
1218865, 4813652
1221100, 4813652
1223332, 4813652
1225562, 4813652
1227796, 4813652
1230028, 4813652
1232261, 4813652
1234492, 4813652
1236725, 4813652
1238959, 4813652
1241196, 4813652
1243428, 4813652
1245662, 4813652
1247894, 4813652
1250126, 4813652
1252361, 4813652
1254593, 4813652
1256824, 4813652
1259058, 4813652
1261289, 4813652
1263522, 4813652
1265754, 4813652
1267991, 4813652
1270224, 4813652
1272457, 4813652
1274689, 4813652
1276922, 4813652
1279156, 4813652
1281387, 4813652
1283618, 4813652
1285849, 4813652
1288083, 4813652
1290315, 4813652
1292545, 4813652
1294777, 4813652
1297014, 4813652
1299247, 4813652
1301481, 4813652
1303712, 4813652
1305944, 4813652
1308174, 4813652
1310407, 4813652
1312644, 4813652
1314876, 4813652
1317111, 4813652
1319344, 4813652
1321578, 4813652
1323811, 4813652
1326042, 4813652
1328273, 4813652
1330507, 4813652
1332740, 4813652
1334973, 4813652
1337208, 4813652
1339443, 4813652
1341675, 4813652
1343904, 4813652
1346135, 4813652
1348371, 4813652
1350602, 4813652
1352833, 4813652
1355067, 4813652
1357296, 4813652
1359526, 4813652
1361757, 4813652
1363992, 4813652
1366226, 4813652
1368463, 4813652
1370691, 4813652
1372924, 4813652
1375158, 4813652
1377391, 4813652
1379622, 4813652
1381853, 4813652
1384084, 4813652
1386316, 4813652
1388545, 4813652
1390775, 4813652
1393004, 4813652
1395236, 4813652
1397467, 4813652
1399699, 4813652
1401932, 4813652
1404165, 4813652
1406399, 4813652
1408631, 4813652
1410864, 4813652
1413098, 4813652
1415327, 4813652
1417560, 4813652
1419790, 4813652
1422021, 4813652
1424256, 4813652
1426489, 4813652
1428717, 4813652
1430950, 4813652
1433178, 4813652
1435409, 4813652
1437637, 4813652
1439868, 4813652
1442097, 4813652
1444327, 4813652
1446559, 4813652
1448788, 4813652
1451021, 4813652
1453255, 4813652
1455487, 4813652
1457720, 4813652
1459953, 4813652
1462187, 4813652
1464416, 4813652
1466649, 4813652
1468880, 4813652
1471113, 4813652
1473346, 4813652
1475575, 4813652
1477807, 4813652
1480039, 4813652
1482272, 4813652
1484504, 4813652
1486737, 4813652
1488971, 4813652
1491205, 4813652
1493434, 4813652
1495664, 4813652
1497893, 4813652
1500125, 4813652
1502359, 4813652
1504590, 4813652
1506825, 4813652
1509059, 4813652
1511293, 4813652
1513527, 4813652
1515756, 4813652
1517989, 4813652
1520223, 4813652
1522456, 4813652
1524688, 4813652
1526919, 4813652
1529149, 4813652
1531380, 4813652
1533610, 4813652
1535843, 4813652
1538076, 4813652
1540309, 4813652
1542542, 4813652
1544772, 4813652
1547000, 4813652
1549230, 4813652
1551460, 4813652
1553693, 4813652
1555924, 4813652
1558156, 4813652
1560389, 4813652
1562623, 4813652
1564853, 4813652
1567081, 4813652
1569314, 4813652
1571548, 4813652
1573779, 4813652
1576011, 4813652
1578244, 4813652
1580477, 4813652
1582710, 4813652
1584942, 4813652
1587174, 4813652
1589407, 4813652
1591637, 4813652
1593868, 4813652
1596100, 4813652
1598336, 4813652
1600569, 4813652
1602802, 4813652
1605036, 4813652
1607267, 4813652
1609498, 4813652
1611728, 4813652
1613959, 4813652
1616188, 4813652
1618421, 4813652
1620655, 4813652
1622889, 4813652
1625122, 4813652
1627352, 4813652
1629585, 4813652
1631816, 4813652
1634049, 4813652
1636282, 4813652
1638513, 4813652
1640747, 4813652
1642981, 4813652
1645212, 4813652
1647446, 4813652
1649679, 4813652
1651914, 4813652
1654146, 4813652
1656377, 4813652
1658612, 4813652
1660843, 4813652
1663076, 4813652
1665310, 4813652
1667541, 4813652
1669774, 4813652
1672005, 4813652
1674239, 4813652
1676473, 4813652
1678705, 4813652
1680940, 4813652
1683174, 4813652
1685410, 4813652
1687643, 4813652
1689878, 4813652
1692111, 4813652
1694343, 4813652
1696574, 4813652
1698803, 4813652
1701034, 4813652
1703265, 4813652
1705498, 4813652
1707732, 4813652
1709965, 4813652
1712200, 4813652
1714433, 4813652
1716667, 4813652
1718900, 4813652
1721130, 4813652
1723362, 4813652
1725598, 4813652
1727829, 4813652
1730059, 4813652
1732291, 4813652
1734525, 4813652
1736758, 4813652
1738987, 4813652
1741222, 4813652
1743452, 4813652
1745686, 4813652
1747917, 4813652
1750149, 4813652
1752383, 4813652
1754616, 4813652
1756850, 4813652
1759086, 4813652
1761317, 4813652
1763551, 4813652
1765787, 4813652
1768018, 4813652
1770249, 4813652
1772484, 4813652
1774718, 4813652
1776949, 4813652
1779180, 4813652
1781411, 4813652
1783642, 4813652
1785878, 4813652
1788109, 4813652
1790339, 4813652
1792570, 4813652
1794800, 4813652
1797033, 4813652
1799261, 4813652
1801488, 4813652
1803721, 4813652
1805950, 4813652
1808182, 4813652
1810411, 4813652
1812642, 4813652
1814877, 4813652
1817105, 4813652
1819337, 4813652
1821569, 4813652
1823801, 4813652
1826031, 4813652
1828260, 4813652
1830489, 4813652
1832720, 4813652
1834951, 4813652
1837181, 4813652
1839412, 4813652
1841642, 4813652
1843875, 4813652
1846108, 4813652
1848341, 4813652
1850572, 4813652
1852804, 4813652
1855040, 4813652
1857273, 4813652
1859506, 4813652
1861737, 4813652
1863973, 4813652
1866209, 4813652
1868442, 4813652
1870676, 4813652
1872910, 4813652
1875146, 4813652
1877378, 4813652
1879613, 4813652
1881847, 4813652
1884077, 4813652
1886308, 4813652
1888539, 4813652
1890771, 4813652
1893004, 4813652
1895237, 4813652
1897472, 4813652
1899709, 4813652
1901941, 4813652
1904173, 4813652
1906406, 4813652
1908638, 4813652
1910869, 4813652
1913104, 4813652
1915337, 4813652
1917564, 4813652
1919797, 4813652
1922030, 4813652
1924261, 4813652
1926494, 4813652
1928730, 4813652
1930962, 4813652
1933193, 4813652
1935428, 4813652
1937660, 4813652
1939893, 4813652
1942127, 4813652
1944359, 4813652
1946588, 4813652
1948821, 4813652
1951053, 4813652
1953283, 4813652
1955515, 4813652
1957747, 4813652
1959979, 4813652
1962210, 4813652
1964441, 4813652
1966672, 4813652
1968906, 4813652
1971138, 4813652
1973371, 4813652
1975602, 4813652
1977837, 4813652
1980066, 4813652
1982296, 4813652
1984525, 4813652
1986756, 4813652
1988991, 4813652
1991219, 4813652
1993451, 4813652
1995680, 4813652
1997914, 4813652
2000144, 4813652
2002374, 4813652
2004606, 4813652
2006836, 4813652
2009068, 4813652
2011298, 4813652
2013528, 4813652
2015757, 4813652
2017990, 4813652
2020217, 4813652
2022448, 4813652
2024681, 4813652
2026912, 4813652
2029141, 4813652
2031369, 4813652
2033601, 4813652
2035835, 4813652
2038065, 4813652
2040294, 4813652
2042528, 4813652
2044761, 4813652
2046994, 4813652
2049224, 4813652
2051454, 4813652
2053686, 4813652
2055916, 4813652
2058146, 4813652
2060376, 4813652
2062605, 4813652
2064836, 4813652
2067069, 4813652
2069302, 4813652
2071532, 4813652
2073763, 4813652
2075994, 4813652
2078225, 4813652
2080457, 4813652
2082690, 4813652
2084924, 4813652
2087154, 4813652
2089387, 4813652
2091619, 4813652
2093848, 4813652
2096083, 4813652
2098314, 4813652
2100546, 4813652
2102777, 4813652
2105009, 4813652
2107240, 4813652
2109474, 4813652
2111704, 4813652
2113934, 4813652
2116168, 4813652
2118395, 4813652
2120628, 4813652
2122859, 4813652
2125090, 4813652
2127315, 4813652
2129547, 4813660
2131773, 4813660
