35, 4128
2209, 2352496
4384, 2353588
6556, 2353948
8733, 2354064
10913, 2354072
13093, 2354072
15273, 2354072
17452, 2354072
19630, 2354072
21809, 2354072
23989, 2354072
26169, 2354072
28349, 2354072
30529, 2354072
32710, 2354072
34888, 2354120
37066, 2354120
39245, 2354120
41425, 2354120
43604, 2354120
45782, 2354120
47963, 2354120
50142, 2354120
52320, 2354120
54500, 2354120
56680, 2354120
58859, 2354120
61037, 2354120
63216, 2354120
65394, 2354120
67574, 2354120
69754, 2354120
71933, 2354120
74111, 2354120
76290, 2354160
78470, 2354160
80647, 2354160
82824, 2354160
85003, 2354160
87183, 2354160
89362, 2354160
91540, 2354160
93720, 2354160
95898, 2354160
98077, 2354160
100256, 2354160
102434, 2354160
104614, 2354160
106794, 2354160
108972, 2354160
111150, 2354160
113327, 2354160
115504, 2354160
117685, 2354160
119864, 2354160
122044, 2354160
124222, 2354160
126400, 2354160
128579, 2354160
130758, 2354160
132936, 2354160
135116, 2354160
137294, 2354160
139472, 2354160
141651, 2354160
143829, 2354160
146007, 2354160
148185, 2354160
150368, 2354160
152546, 2354160
154726, 2354160
156905, 2354160
159086, 2354160
161267, 2354160
163447, 2354160
165623, 2354160
167802, 2354160
169982, 2354160
172160, 2354160
174337, 2354160
176514, 2354160
178692, 2354160
180872, 2354160
183052, 2354160
185229, 2354160
187408, 2354160
189587, 2354160
191765, 2354160
193944, 2354160
196124, 2354160
198303, 2354160
200483, 2354160
202661, 2354160
204839, 2354160
207018, 2354160
209198, 2354160
211376, 2354160
213556, 2354160
215732, 2354160
217911, 2354160
220088, 2354160
222264, 2354160
224444, 2354160
226621, 2354160
228802, 2354160
230981, 2354160
233160, 2354160
235340, 2354160
237518, 2354160
239698, 2354160
241878, 2354160
244056, 2354160
246234, 2354160
248412, 2354160
250590, 2354160
252770, 2354160
254952, 2354160
257130, 2354160
259310, 2354160
261488, 2354160
263666, 2354160
265844, 2354160
268024, 2354160
270204, 2354160
272383, 2354164
274565, 2354164
276744, 2354164
278925, 2354164
281102, 2354164
283281, 2354164
285461, 2354164
287640, 2354164
289820, 2354164
291996, 2354164
294175, 2354164
296351, 2354164
298530, 2354164
300709, 2354164
302889, 2354164
305070, 2354164
307251, 2354164
309431, 2354164
311610, 2354164
313788, 2354164
315969, 2354164
318148, 2354164
320326, 2354164
322506, 2354164
324686, 2354164
326866, 2354164
329044, 2354164
331225, 2354164
333406, 2354164
335585, 2354164
337765, 2354164
339945, 2354164
342124, 2354164
344304, 2354164
346485, 2354164
348663, 2354164
350841, 2354164
353020, 2354164
355199, 2354164
357378, 2354164
359557, 2354164
361735, 2354164
363914, 2354164
366094, 2354164
368272, 2354164
370450, 2354164
372628, 2354164
374809, 2354164
376987, 2354164
379166, 2354164
381347, 2354164
383526, 2354164
385704, 2354164
387880, 2354164
390059, 2354164
392237, 2354164
394419, 2354164
396599, 2354164
398780, 2354164
400958, 2354164
403136, 2354164
405317, 2354164
407496, 2354164
409676, 2354164
411857, 2354164
414038, 2354164
416218, 2354164
418398, 2354164
420577, 2354164
422756, 2354164
424937, 2354164
427117, 2354164
429296, 2354164
431476, 2354164
433653, 2354164
