36, 4980
2239, 3745284
4442, 3746260
6644, 3746628
8846, 3746764
11057, 3746844
13268, 3746844
15483, 3746844
17693, 3746844
19904, 3746844
22116, 3746844
24329, 3746844
26543, 3746844
28755, 3746844
30969, 3746844
33183, 3746844
35398, 3746844
37611, 3746844
39828, 3746844
42040, 3746844
44255, 3746844
46468, 3746844
48683, 3746844
50896, 3746844
53111, 3746844
55325, 3746844
57541, 3746844
59754, 3746844
61970, 3746844
64183, 3746844
66399, 3746844
68613, 3746844
70826, 3746844
73040, 3746844
75255, 3746844
77471, 3746844
79682, 3746844
81898, 3746844
84110, 3746844
86324, 3746844
88537, 3746844
90753, 3746844
92966, 3746844
95181, 3746844
97392, 3746844
99606, 3746844
101818, 3746844
104035, 3746844
106245, 3746844
108460, 3746844
110671, 3746844
112883, 3746844
115098, 3746844
117309, 3746848
119519, 3746848
121730, 3746848
123943, 3746848
126156, 3746848
128367, 3746848
130581, 3746848
132795, 3746868
135005, 3746868
137217, 3746868
139427, 3746868
141638, 3746868
143852, 3746868
146067, 3746868
148281, 3746868
150495, 3746868
152710, 3746868
154924, 3746868
157139, 3746868
159351, 3746868
161564, 3746868
163776, 3746868
165990, 3746868
168204, 3746868
170417, 3746868
172631, 3746868
174842, 3746868
177056, 3746868
179268, 3746868
181482, 3746868
183696, 3746868
185910, 3746868
188124, 3746868
190335, 3746868
192549, 3746868
194761, 3746868
196976, 3746872
199191, 3746872
201401, 3746872
203615, 3746872
205826, 3746872
208039, 3746872
210252, 3746872
212467, 3746872
214678, 3746872
216892, 3746872
219110, 3746872
221325, 3746872
223537, 3746872
225752, 3746872
227963, 3746872
230179, 3746872
232390, 3746872
234602, 3746872
236814, 3746872
239029, 3746872
241239, 3746872
243453, 3746872
245665, 3746872
247876, 3746872
250087, 3746872
252300, 3746872
254509, 3746872
256722, 3746872
258937, 3746872
261149, 3746872
263361, 3746872
265576, 3746872
267789, 3746872
270001, 3746872
272209, 3746872
274424, 3746872
276636, 3746872
278851, 3746872
281064, 3746872
283276, 3746872
285488, 3746872
287702, 3746872
289916, 3746872
292130, 3746872
294344, 3746872
296555, 3746872
298765, 3746872
300979, 3746872
303192, 3746872
305404, 3746872
307620, 3746872
309832, 3746872
312043, 3746872
314258, 3746872
316473, 3746872
318686, 3746872
320899, 3746872
323116, 3746872
325328, 3746872
327538, 3746872
329750, 3746872
331965, 3746872
334181, 3746872
336394, 3746872
338607, 3746872
340822, 3746872
343034, 3746872
345245, 3746872
347457, 3746872
349671, 3746872
351888, 3746872
354103, 3746872
356315, 3746872
358526, 3746872
360737, 3746872
362953, 3746872
365165, 3746872
367381, 3746872
369592, 3746872
371807, 3746872
374020, 3746872
376235, 3746872
378449, 3746872
380660, 3746872
382874, 3746872
385089, 3746872
387300, 3746872
389513, 3746872
391727, 3746872
393939, 3746872
396153, 3746872
398368, 3746872
400584, 3746872
402795, 3746872
405010, 3746872
407223, 3746872
409433, 3746872
411646, 3746872
413861, 3746872
416074, 3746872
418285, 3746872
420494, 3746872
422706, 3746872
424916, 3746872
427128, 3746872
429343, 3746872
431557, 3746872
433770, 3746872
435982, 3746872
438195, 3746872
440409, 3746872
442625, 3746872
444840, 3746872
447056, 3746872
449265, 3746872
451479, 3746872
453692, 3746872
455907, 3746872
458122, 3746872
460336, 3746872
462550, 3746872
464764, 3746872
466975, 3746872
469191, 3746872
471405, 3746872
473620, 3746872
475831, 3746872
478044, 3746872
480258, 3746872
482469, 3746872
484683, 3746872
486896, 3746872
489109, 3746872
491324, 3746872
493536, 3746872
495751, 3746872
497962, 3746872
500175, 3746872
502388, 3746872
504602, 3746872
506816, 3746872
509028, 3746872
511240, 3746872
513454, 3746872
515666, 3746872
517880, 3746872
520091, 3746872
522304, 3746872
524518, 3746872
526731, 3746872
528942, 3746872
531154, 3746872
533366, 3746872
535580, 3746872
537792, 3746872
540003, 3746872
542214, 3746872
544428, 3746872
546639, 3746872
548849, 3746872
551058, 3746872
553272, 3746872
555482, 3746872
557693, 3746872
559907, 3746872
562116, 3746872
564330, 3746872
566541, 3746872
568756, 3746872
570972, 3746872
573184, 3746872
575398, 3746872
577609, 3746872
579822, 3746872
582034, 3746872
584246, 3746872
586459, 3746872
588672, 3746872
590888, 3746872
593098, 3746872
595310, 3746872
597523, 3746872
599735, 3746872
601945, 3746872
604156, 3746872
606369, 3746872
608582, 3746872
610796, 3746872
613009, 3746872
615223, 3746872
617432, 3746872
619641, 3746872
621853, 3746872
624066, 3746872
626280, 3746872
628492, 3746872
630707, 3746872
632917, 3746872
635125, 3746872
637334, 3746872
639547, 3746872
641760, 3746872
643974, 3746872
646186, 3746872
648399, 3746872
650611, 3746872
652821, 3746872
655031, 3746872
657242, 3746872
659456, 3746872
661668, 3746872
663882, 3746872
666092, 3746872
668308, 3746872
670520, 3746872
672734, 3746872
674945, 3746872
677159, 3746872
679373, 3746872
681589, 3746872
683803, 3746872
686016, 3746872
688229, 3746872
690441, 3746872
692651, 3746872
694865, 3746872
697080, 3746872
699292, 3746872
701506, 3746872
703718, 3746872
705930, 3746872
708144, 3746872
710355, 3746872
712570, 3746872
714782, 3746872
716998, 3746872
719213, 3746872
721429, 3746872
723641, 3746872
725857, 3746872
728067, 3746872
730279, 3746872
732495, 3746872
734705, 3746872
736920, 3746872
739133, 3746872
741346, 3746872
743561, 3746872
745777, 3746872
747990, 3746872
750204, 3746872
752416, 3746872
754630, 3746872
756844, 3746872
759057, 3746872
761270, 3746872
763485, 3746872
765696, 3746872
767908, 3746872
770119, 3746872
772329, 3746872
774544, 3746872
776754, 3746872
778968, 3746872
781182, 3746872
783396, 3746872
785610, 3746872
787826, 3746872
790041, 3746872
792257, 3746872
794469, 3746872
796684, 3746872
798898, 3746872
801110, 3746872
803325, 3746872
805541, 3746872
807753, 3746872
809968, 3746872
812180, 3746872
814396, 3746872
816609, 3746872
818822, 3746872
821037, 3746872
823249, 3746872
825464, 3746872
827677, 3746872
829892, 3746872
832105, 3746872
834320, 3746872
836537, 3746872
838753, 3746872
840968, 3746872
843179, 3746872
845393, 3746872
847609, 3746872
849823, 3746872
852035, 3746872
854247, 3746872
856463, 3746872
858676, 3746872
860892, 3746872
863104, 3746872
865316, 3746872
867528, 3746872
869741, 3746872
871954, 3746872
874167, 3746872
876379, 3746872
878594, 3746872
880805, 3746872
883018, 3746872
885232, 3746872
887445, 3746872
889658, 3746872
891871, 3746872
894083, 3746872
896292, 3746872
898506, 3746872
900716, 3746872
902928, 3746872
905143, 3746872
907357, 3746872
909572, 3746872
911789, 3746872
914005, 3746872
916221, 3746872
918437, 3746872
920653, 3746872
922867, 3746872
925081, 3746872
927294, 3746872
929508, 3746872
931720, 3746872
933933, 3746872
936146, 3746872
938359, 3746872
940572, 3746872
942783, 3746872
944999, 3746872
947213, 3746872
949427, 3746876
951641, 3746880
953857, 3746880
956067, 3746888
958281, 3746904
960491, 3746912
962706, 3746924
964920, 3746944
967130, 3746956
969346, 3747000
